   100/109     8.03G       1.2     0.997     0.838      3.03        20       416     0.365     0.841     0.702     0.496      1.24      1.59      2.72
   101/109     8.03G      1.19     0.976     0.714      2.88        16       416     0.355     0.843     0.702     0.486      1.24      1.59       2.7
   102/109     8.03G      1.19     0.978     0.704      2.87        16       416     0.366     0.841     0.707     0.498      1.23      1.59      2.65
   103/109     8.03G      1.18     0.968     0.687      2.84        20       416     0.369     0.843     0.707     0.501      1.23      1.58       2.6
   104/109     8.03G      1.18     0.967     0.618      2.76        23       416     0.372     0.839     0.706     0.504      1.23      1.58      2.63
   105/109     8.03G      1.17     0.963     0.631      2.77        11       416     0.361     0.842     0.704     0.492      1.23      1.58      2.69
   106/109     8.03G      1.17     0.962     0.624      2.76        27       416     0.373     0.841     0.709     0.505      1.23      1.58      2.59
   107/109     8.03G      1.18     0.958     0.619      2.75        20       416     0.364     0.842     0.707     0.496      1.23      1.58      2.61
   108/109     8.03G      1.17     0.962     0.589      2.72        16       416      0.37     0.846      0.71     0.502      1.23      1.58      2.58
   109/109     8.03G      1.17     0.956       0.6      2.73        10       416    0.0471     0.911     0.723    0.0881      1.23      1.58      2.62
   110/129     8.03G      1.15      0.88     0.357      2.39        20       416     0.392     0.838     0.709      0.52      1.23      1.59      2.67
   111/129     8.03G      1.16     0.932     0.553      2.65        16       416     0.364     0.846     0.714     0.496      1.22      1.57      2.59
   112/129     8.03G      1.16     0.924     0.534      2.62        16       416     0.379     0.847     0.719      0.51      1.22      1.56       2.5
   113/129     8.03G      1.16     0.915     0.515      2.59        20       416      0.38     0.845     0.718     0.512      1.22      1.56      2.49
   114/129     8.03G      1.15     0.911     0.458      2.52        23       416     0.387     0.844     0.722     0.518      1.22      1.55      2.49
   115/129     8.03G      1.15     0.906     0.462      2.51        11       416     0.379     0.846     0.717     0.511      1.22      1.55      2.53
   116/129     8.03G      1.14     0.903     0.456       2.5        27       416      0.39     0.845      0.72     0.521      1.21      1.55      2.48
   117/129     8.03G      1.15     0.895     0.442      2.48        20       416     0.383     0.843     0.718     0.515      1.22      1.55      2.49
   118/129     8.03G      1.14       0.9     0.431      2.47        16       416     0.388     0.846      0.72      0.52      1.22      1.56      2.48
   119/129     8.03G      1.15     0.894     0.428      2.47        10       416     0.383     0.845     0.718     0.514      1.21      1.56      2.49
   120/129     8.03G      1.15     0.895      0.45      2.49        10       416     0.384     0.845      0.72     0.515      1.21      1.55      2.49
   121/129     8.03G      1.15     0.898     0.448      2.49        14       416     0.389     0.845     0.721     0.521      1.21      1.55      2.48
   122/129     8.03G      1.15     0.895     0.446      2.49        14       416     0.383     0.846     0.718     0.514      1.21      1.55       2.5
   123/129     8.03G      1.15     0.895     0.447      2.49        26       416     0.388     0.846     0.721      0.52      1.22      1.55      2.47
   124/129     8.03G      1.14     0.894     0.428      2.46        17       416      0.38     0.847     0.719     0.512      1.21      1.55      2.47
   125/129     8.03G      1.15     0.897     0.473      2.52        20       416     0.383     0.844     0.718     0.515      1.21      1.55      2.47
   126/129     8.03G      1.14     0.898     0.416      2.45        11       416      0.38     0.846     0.718     0.511      1.22      1.55      2.48
   127/129     8.03G      1.14     0.893      0.44      2.48        11       416     0.385     0.848      0.72     0.517      1.21      1.55      2.47
   128/129     8.03G      1.14     0.891     0.435      2.47         9       416     0.379      0.85     0.719     0.511      1.22      1.55      2.51
   129/129     8.03G      1.14     0.897     0.444      2.48        24       416    0.0508     0.911     0.735    0.0948      1.21      1.55      2.51
   130/149     8.03G      1.08     0.704     0.199      1.98        20       416     0.408     0.841     0.716     0.536      1.22      1.59      2.49
   131/149     8.03G      1.14     0.881     0.303      2.32        16       416     0.392     0.843     0.718     0.522      1.21      1.58      2.51
   132/149     8.03G      1.14      0.88     0.317      2.33        16       416     0.399     0.842     0.721     0.528      1.21      1.57      2.49
   133/149     8.03G      1.14     0.875     0.316      2.33        20       416       0.4     0.843     0.723      0.53      1.21      1.57      2.48
   134/149     8.03G      1.13     0.874     0.289      2.29        23       416     0.404     0.842     0.723     0.533      1.21      1.57       2.5
   135/149     8.03G      1.13     0.872     0.281      2.28        11       416     0.391     0.847     0.721     0.522      1.21      1.56      2.53
   136/149     8.03G      1.13     0.871     0.289      2.29        27       416     0.403     0.844     0.723     0.533      1.21      1.57      2.49
   137/149     8.03G      1.13     0.866     0.271      2.27        20       416     0.394     0.844     0.721     0.525      1.21      1.57       2.5
   138/149     8.03G      1.14      0.89     0.387      2.41        16       416     0.398     0.845     0.723     0.529      1.21      1.57      2.49
   139/149     8.03G      1.14     0.883     0.385      2.41        10       416     0.393     0.846     0.721     0.523      1.21      1.57      2.51
   140/149     8.03G      1.14     0.885     0.404      2.43        10       416     0.393     0.846     0.722     0.523      1.21      1.56       2.5
   141/149     8.03G      1.14     0.888     0.397      2.43        14       416     0.399     0.844     0.723      0.53      1.21      1.56       2.5
   142/149     8.03G      1.14     0.886       0.4      2.43        14       416     0.393     0.846     0.721     0.523      1.21      1.57      2.51
   143/149     8.03G      1.15     0.885     0.404      2.44        26       416     0.396     0.844     0.721     0.527      1.21      1.56      2.49
   144/149     8.03G      1.14     0.885     0.391      2.41        17       416      0.39     0.848     0.722     0.521      1.21      1.56      2.49
   145/149     8.03G      1.14     0.889     0.421      2.45        20       416     0.392     0.845      0.72     0.523      1.21      1.57       2.5
   146/149     8.03G      1.14      0.89     0.385      2.41        11       416     0.388     0.845     0.719     0.518      1.21      1.57       2.5
   147/149     8.03G      1.14     0.885     0.406      2.43        11       416     0.392     0.846     0.721     0.522      1.21      1.56       2.5
   148/149     8.03G      1.14     0.883     0.402      2.42         9       416     0.386     0.848      0.72     0.517      1.22      1.57      2.53
   149/149     8.03G      1.14     0.889     0.406      2.43        24       416    0.0519     0.909     0.736    0.0967      1.21      1.56      2.54
   150/159     8.04G      1.14     0.887     0.451      2.48        22       416     0.395     0.844     0.721     0.525      1.21      1.57      2.54
   151/159     8.04G      1.15     0.887     0.444      2.48        13       416      0.39     0.846     0.721      0.52      1.21      1.56       2.5
   152/159     7.98G      1.14     0.882      0.37      2.39        22       416     0.393     0.845     0.721     0.524      1.21      1.56      2.54
   153/159     7.98G      1.14     0.877     0.321      2.33        22       416     0.393     0.844     0.719     0.523      1.21      1.56      2.54
     0/159     2.21G      1.13     0.873     0.294       2.3        22       416     0.393     0.844     0.719     0.523      1.22      1.56      2.54
     1/159     2.21G      1.14     0.881     0.357      2.38        13       416     0.389     0.847     0.722      0.52      1.21      1.56      2.51
     2/159     7.98G      1.13     0.873     0.293       2.3        22       416     0.393     0.844     0.719     0.523      1.22      1.56      2.55
     3/159     7.98G      1.14     0.881     0.358      2.38        13       416     0.389     0.847     0.721      0.52      1.21      1.56       2.5
     4/159     7.98G      1.14      0.88     0.424      2.44        12       416     0.393     0.844     0.721     0.524      1.21      1.56      2.52
     5/159     7.98G      1.14      0.88     0.432      2.45        30       416     0.388     0.849     0.723      0.52      1.21      1.56      2.48
     6/159     7.98G      1.15     0.887     0.429      2.46        24       416     0.385     0.848     0.721     0.517      1.22      1.56      2.51
     7/159     7.98G      1.13     0.867     0.277      2.28        22       416      0.39     0.846     0.721     0.522      1.21      1.56      2.53
     8/159     7.98G      1.14     0.874     0.313      2.33        13       416     0.389     0.849     0.723      0.52      1.21      1.55      2.49
     9/159     7.98G      1.14     0.873     0.348      2.36        12       416     0.392     0.845     0.721     0.523      1.21      1.56      2.51
     0/159     7.98G      1.13     0.862     0.258      2.25        22       416     0.391     0.846      0.72     0.523      1.21      1.56      2.54
     1/159     7.98G      1.14     0.869     0.285      2.29        13       416     0.389     0.848     0.722      0.52      1.21      1.55       2.5
     2/159     7.98G      1.13     0.868     0.309      2.31        12       416     0.393     0.845     0.721     0.524      1.21      1.56      2.52
      3/49     2.17G      2.51      4.48         0      6.99        50       640         0         0         0         0      2.32       4.1         0
      4/49     2.17G      2.24      4.05         0      6.29        13       640         0         0         0         0      2.21       3.9         0
      5/49     2.17G      2.17      3.92         0      6.09        37       640   0.00893   0.00195  6.76e-05    0.0032      2.16      3.81         0
      6/49     2.17G      2.13      3.85         0      5.98        38       640    0.0289   0.00876  0.000165    0.0135      2.13      3.74         0
      7/49     2.17G       2.1      3.81         0      5.91        47       640    0.0256    0.0117    0.0004     0.016      2.11      3.72         0
      8/49     2.17G      2.09      3.77         0      5.86         9       640    0.0337    0.0156  0.000556    0.0213       2.1      3.68         0
      9/49     2.17G      2.07      3.75         0      5.81        26       640    0.0414    0.0224   0.00117    0.0291      2.09      3.65         0
     10/49     2.17G      2.06      3.73         0      5.78        15       640    0.0464    0.0273    0.0013    0.0344      2.08      3.64         0
     11/49     2.17G      2.06      3.71         0      5.76        25       640     0.067    0.0146   0.00101     0.024      2.07      3.63         0
     12/49     1.93G      2.04       3.7         0      5.75        50       640    0.0498    0.0243   0.00155    0.0327      2.07      3.61         0
     13/49     1.93G      2.03      3.67         0       5.7        13       640    0.0473    0.0234   0.00142    0.0313      2.06       3.6         0
     14/49     1.93G      2.03      3.67         0       5.7        37       640    0.0505    0.0312   0.00226    0.0385      2.05      3.59         0
     15/49     1.93G      2.02      3.66         0      5.68        38       640    0.0473    0.0321   0.00215    0.0383      2.05      3.57         0
     16/49     1.93G      2.01      3.65         0      5.66        47       640    0.0515    0.0389   0.00214    0.0444      2.05      3.57         0
     17/49     1.93G      2.02      3.63         0      5.65         9       640    0.0497     0.037   0.00228    0.0424      2.05      3.55         0
     18/49     1.93G      2.01      3.63         0      5.63        26       640    0.0541    0.0312   0.00245    0.0395      2.04      3.54         0
     19/49     1.93G         2      3.63         0      5.63        15       640    0.0551    0.0351   0.00265    0.0429      2.04      3.54         0
     20/49     1.93G      2.01      3.61         0      5.62        25       640    0.0731    0.0273   0.00215    0.0397      2.03      3.54         0
     21/49     1.93G         2      3.61         0      5.61        16       640    0.0529    0.0438   0.00331    0.0479      2.04      3.53         0
     22/49     1.93G      1.99      3.61         0       5.6        19       640    0.0524    0.0419   0.00336    0.0466      2.03      3.53         0
     23/49     1.93G         2      3.59         0      5.59        18       640    0.0652    0.0399   0.00341    0.0495      2.03      3.52         0
     24/49     1.93G      1.99      3.59         0      5.58        25       640    0.0508    0.0351   0.00283    0.0415      2.03      3.51         0
     25/49     1.93G      1.99      3.59         0      5.58        46       640    0.0642    0.0341   0.00284    0.0445      2.03      3.51         0
     26/49     1.93G      1.99      3.58         0      5.56        13       640     0.054    0.0428   0.00339    0.0478      2.03       3.5         0
     27/49     1.93G      1.98      3.57         0      5.55        12       640    0.0559    0.0331   0.00266    0.0416      2.03       3.5         0
     28/49     1.93G      1.98      3.58         0      5.56        16       640    0.0608    0.0389   0.00265    0.0475      2.02       3.5         0
     29/49     1.93G      1.97      3.57         0      5.54        18       640    0.0617     0.038   0.00284     0.047      2.02       3.5         0
     30/49     1.93G      1.98      3.57         0      5.55        52       640    0.0593    0.0399   0.00327    0.0477      2.02      3.48         0
      0/49     8.88G      1.65      1.97         0      3.62        50       640     0.362     0.786     0.637     0.495      1.37      1.26         0
      1/49     8.88G      1.23     0.939         0      2.17        13       640     0.499     0.819     0.702      0.62      1.18      1.02         0
      2/49     8.88G      1.04     0.564         0       1.6        37       640     0.563     0.798     0.701      0.66      1.14      1.06         0
      3/49     8.88G     0.937      0.36         0       1.3        38       640     0.686      0.78     0.711      0.73      1.12      1.22         0
      4/49     8.88G     0.831     0.254         0      1.08        47       640     0.676     0.793     0.716      0.73       1.1      1.23         0
      5/49     8.88G     0.756     0.189         0     0.944         9       640     0.721     0.752     0.687     0.736      1.09      1.41         0
      6/49     8.88G       0.7     0.148         0     0.848        26       640     0.654     0.794     0.708     0.717      1.06      1.28         0
      7/49     8.88G     0.647     0.123         0     0.771        15       640     0.697      0.78     0.694     0.736      1.05      1.42         0
      0/49     9.44G     0.588     0.102         0     0.689        50       640     0.745     0.759     0.681     0.752      1.06      1.56         0
      1/49     9.44G     0.567    0.0916         0     0.658        13       640     0.717      0.76     0.684     0.738      1.04      1.57         0
      2/49     9.44G     0.535    0.0832         0     0.619        37       640     0.754     0.751      0.69     0.753      1.05      1.67         0
      3/49     10.4G     0.907      0.77         0      1.68        50       672     0.516     0.852     0.731     0.643      0.96     0.852         0
      4/49     10.4G     0.768     0.375         0      1.14        13       672     0.607     0.844     0.743     0.706     0.961     0.905         0
      5/49     9.44G      1.65      1.12         0      2.76         4       640     0.534     0.594     0.436     0.562      1.53     0.922         0
      6/49     9.44G      1.42     0.921         0      2.34         4       640     0.499     0.595     0.419     0.543      1.51     0.933         0
      7/49     9.44G      1.45     0.936         0      2.39         3       640     0.529     0.606     0.438     0.565      1.47     0.894         0
      8/49     9.44G      1.41     0.911         0      2.32         3       640     0.557     0.606     0.438      0.58      1.48     0.897         0
      9/49     9.44G      1.39     0.891         0      2.28         4       640     0.547     0.616     0.432     0.579      1.46     0.895         0
     10/49     9.44G      1.37     0.884         0      2.25         3       640     0.523     0.611     0.429     0.564      1.46     0.888         0
     11/49     9.44G      1.26     0.819         0      2.07         4       640     0.522     0.627     0.429      0.57      1.47     0.907         0
     12/49     9.44G      1.24     0.817         0      2.06         3       640     0.512     0.613      0.43     0.558      1.48     0.908         0
     13/49     9.44G      1.33     0.874         0      2.21         3       640     0.527     0.605      0.43     0.563      1.45     0.891         0
     14/49     9.44G      1.33     0.858         0      2.18         2       640     0.526     0.663     0.482     0.587      1.45     0.885         0
     15/49     9.44G      1.31     0.855         0      2.17         4       640     0.506     0.659      0.47     0.573      1.45     0.888         0
     16/49     9.44G       1.3     0.844         0      2.14         3       640     0.539     0.635     0.451     0.583      1.42      0.87         0
     17/49     9.44G      1.29      0.85         0      2.14         3       640       0.5     0.634     0.452     0.559      1.44      0.87         0
     18/49     9.44G      1.27      0.84         0      2.11         2       640     0.536     0.616      0.43     0.574      1.44     0.874         0
     19/49     9.44G      1.27     0.832         0       2.1         2       640     0.473      0.66     0.458     0.551      1.44     0.879         0
     20/49     9.44G      1.25     0.819         0      2.07         3       640     0.525     0.634     0.459     0.574      1.43     0.884         0
     21/49     9.44G      1.24     0.825         0      2.06         2       640     0.509      0.64     0.452     0.567      1.43     0.883         0
     22/49     9.44G      1.23      0.82         0      2.05         2       640     0.476     0.684     0.457     0.562      1.43     0.874         0
     23/49     9.44G      1.23     0.813         0      2.04         2       640     0.504     0.656     0.461      0.57      1.44     0.883         0
    24/149     9.44G      1.16     0.774         0      1.93         4       640     0.507     0.617     0.416     0.557      1.46     0.896         0
    25/149     9.44G      1.15     0.763         0      1.91         3       640     0.499      0.63     0.423     0.557      1.47     0.916         0
    26/149     9.44G      1.15     0.781         0      1.93         3       640     0.544     0.616     0.443     0.578      1.44     0.909         0
    27/149     9.44G      1.15     0.763         0      1.91         2       640     0.507     0.667     0.468     0.576      1.45     0.897         0
    28/149     9.44G      1.13     0.758         0      1.89         4       640     0.462     0.646     0.423     0.539      1.47     0.906         0
    29/149     9.44G      1.12     0.755         0      1.88         3       640     0.488     0.653     0.439     0.558      1.47     0.894         0
    30/149     9.44G      1.12     0.752         0      1.87         3       640     0.504     0.647     0.451     0.566      1.45     0.917         0
